     1	1472
     2	1757
     3	1404
     4	1663
     5	1365
     6	1974
     7	1649
     8	1489
     9	1795
    10	1821
    11	1858
    12	1941
    13	1943
    14	1634
    15	1485
    16	1838
    17	817
    18	1815
    19	1442
    20	639
    21	1182
    22	1632
    23	1587
    24	1918
    25	1040
    26	1441
    27	1784
    28	1725
    29	1951
    30	1285
    31	285
    32	1224
    33	1755
    34	1748
    35	1488
    36	1374
    37	1946
    38	1771
    39	1809
    40	1929
    41	1621
    42	1462
    43	2001
    44	1588
    45	1888
    46	1959
    47	1787
    48	1690
    49	1363
    50	1567
    51	1853
    52	1990
    53	1819
    54	1904
    55	1458
    56	1882
    57	1348
    58	1957
    59	1454
    60	1557
    61	1471
    62	332
    63	1805
    64	1826
    65	1745
    66	1154
    67	1423
    68	1852
    69	1751
    70	1194
    71	1430
    72	1849
    73	1962
    74	1577
    75	1470
    76	1509
    77	1673
    78	1883
    79	1479
    80	1487
    81	2007
    82	1555
    83	1504
    84	1570
    85	2004
    86	978
    87	1681
    88	1631
    89	1791
    90	1267
    91	1245
    92	1383
    93	1482
    94	1355
    95	1792
    96	1806
    97	1376
    98	1199
    99	1391
   100	1759
   101	1474
   102	1268
   103	1942
   104	1936
   105	1766
   106	1233
   107	1876
   108	1674
   109	1761
   110	1542
   111	1468
   112	1543
   113	1986
   114	2005
   115	1689
   116	1606
   117	1865
   118	1783
   119	1807
   120	1779
   121	1860
   122	1408
   123	1505
   124	1435
   125	1205
   126	1952
   127	1201
   128	1714
   129	1743
   130	1872
   131	1897
   132	1978
   133	1683
   134	1846
   135	858
   136	1528
   137	1629
   138	1510
   139	1446
   140	1869
   141	1347
   142	685
   143	1478
   144	1387
   145	687
   146	1964
   147	1968
   148	1429
   149	1460
   150	1777
   151	1417
   152	1768
   153	1672
   154	1767
   155	1400
   156	1914
   157	1715
   158	1425
   159	1700
   160	1756
   161	1835
   162	1926
   163	1889
   164	1568
   165	1393
   166	1960
   167	1540
   168	1810
   169	1401
   170	1685
   171	830
   172	1789
   173	1652
   174	1899
   175	796
   176	1483
   177	1261
   178	1398
   179	1727
   180	1566
   181	1812
   182	1937
   183	1993
   184	1286
   185	1992
   186	1611
   187	1825
   188	1868
   189	1870
   190	1746
   191	1361
   192	1418
   193	1820
   194	1598
   195	1911
   196	1428
   197	1734
   198	1833
   199	1436
   200	1560
